1012
1040
1048
1066
1070
1089
1103
1114
1135
1158
1193
1237
1245
1253
1256
1275
1282
1298
1313
1358
1392
1396
1408
1449
1489
1509
1519
1579
1589
1595
1597
1601
1621
1662
1696
1703
1714
1738
1739
1759
1792
1805
1868
1901
1924
1937
1957
1960
1999
2016
2066
2089
2122
2128
2136
2137
2139
2155
2177
2227
2244
2273
2274
2311
2326
2339
2368
2425
2460
2483
2484
2500
2517
2538
2557
2558
2569
2573
2580
2642
2657
2659
2660
2677
2726
2731
2750
2766
2783
2788
2920
2948
2997
3007
3015
3016
3035
3037
3056
3057
3095
3109
3116
3128
3143
3149
3153
3173
3190
3199
3239
3241
3254
3288
3292
3297
3304
3325
3351
3356
3381
3409
3425
3457
3501
3524
3552
3565
3623
3624
3646
3669
3688
3707
3719
3779
3815
3824
3842
3864
3872
3886
3975
3977
3980
4043
4044
4047
4062
4066
4071
4118
4154
4168
4206
4208
4228
4250
4260
4320
4328
4337
4362
4368
4370
4427
4435
4436
4444
4468
4478
4529
4553
4554
4602
4605
4647
4659
4687
4692
4728
4729
4739
4752
4783
4848
4853
4881
4898
4900
4938
4951
5054
5204
5209
5216
5221
5250
5252
5302
5303
5320
5327
5341
5365
5419
5427
5431
5509
5514
5519
5534
5535
5536
5553
5564
5569
5571
5586
5624
5629
5695
5724
5728
5744
5759
5761
5769
5821
5849
5919
5990
6010
6015
6073
6099
6102
6103
6114
6133
6135
6164
6179
6192
6200
6237
6265
6290
6296
6309
6346
6350
6378
6432
6501
6519
6527
6538
6562
6589
6615
6642
6662
6673
6675
6748
6855
6862
6878
6891
6929
7028
7029
7045
7052
7071
7096
7098
7124
7126
7140
7153
7158
7160
7174
7212
7215
7231
7236
7265
7275
7338
7358
7360
7392
7404
7419
7426

