6568
4403
2205
2193
2195
2196
4415
4389
4393
4392
6578
4399
6539
4369
2237
6528
2225
4382
2231
6532
6555
6552
6558
6557
4363
6551
4366
6549
6636
4470
4464
6633
2263
6624
4472
2259
2253
4455
4451
2241
2240
4459
6643
6606
6602
4432
4433
2291
4443
4423
2286
2285
2283
6618
2281
2280
4431
2278
4428
6608
2071
2070
2074
4530
2079
2053
2056
6403
6407
2103
2102
4498
2106
4502
6413
4488
2086
6427
6424
4484
6506
6516
2117
4591
6513
2127
4577
4578
6470
6468
2164
6477
4562
4561
2146
2144
6494
6495
2157
4545
2153
6489
4131
2443
2447
4132
4138
4137
4136
4143
2439
6327
6326
6324
6319
4151
2455
4159
2473
6298
2477
2476
2479
2465
2467
4109
4110
4117
2494
6286
6273
6278
6399
6398
4198
2508
2506
6392
2499
2498
4200
6383
2524
6377
6374
2519
4223
6371
6368
4216
2513
4217
2543
4166
4161
2536
2539
6362
4173
2529
6352
2556
4181
4182
2559
4183
6344
4188
6340
6336
4186
4187
4266
6195
2304
6193
6198
4259
2321
4286
6180
6188
2337
2338
4235
4236
6165
2345
4226
2347
2349
2350
2351
4253
2359
4243
2363
2374
6259
6257
4329
4326
6271
2378
2376
2386
2385
4340
2396
2394
6250
2407
2403
4294
6239
4288
4317
6212
6215
2422
2419
4309
2431
6219
7055
2746
7048
2742
4890
7042
7043
2734
4869
2733
4867
2730
7065
2729
7061
4876
7059
7082
4915
2707
2700
4903
2699
7095
7115
7112
4944
2809
4948
2806
2807
7109
7131
2794
2792
2799
4934
7133
4933
7132
2786
4937
7120
2791
2790
4942
7125
4940
2778
2779
2781
4984
2773
4963
4970
2758
5021
2609
5014
5013
5011
6922
6921
6920
2616
6931
2607
2605
6941
4995
6936
4993
2582
2588
2590
6954
5039
5032
5029
5030
6975
5026
2674
6978
6977
6981
2683
2682
6988
5066
6994
6992
5065
5056
5063
2645
5116
7014
5105
7017
7016
5106
5111
7024
2626
7030
7031
2631
2632
2637
7038
6815
2990
6814
4610
2981
4621
4623
6806
4622
4617
2976
6802
4628
6797
6793
4639
6786
2994
4646
6846
2957
4642
6841
2950
4650
6831
6828
2972
2970
6826
2971
6824
4656
4657
2969
6819
2960
2961
4674
6874
6877
3055
4678
3041
6868
6871
6859
4691
4696
6848
4699
6853
4701
6854
4705
6910
6909
3021
6899
3011
3009
6903
6902
4717
6889
4724
6893
6882
6880
3031
3029
2852
2854
6674
4746
6685
2862
6687
2858
6682
6663
2870
2864
2867
6670
6667
4780
6708
2817
4774
6719
4775
4773
4771
6715
4768
2825
4797
4796
2846
2845
2844
4787
2842
4785
6696
1018
4810
4811
6740
1021
4813
4814
4802
1015
2929
6720
4824
6723
4827
2930
4829
4817
2938
4822
4846
2887
6776
6777
2892
4856
6752
2903
4862
2902
2900
6763
4850
4849
2911
6767
2910
4854
6765
5500
5503
1096
3281
5493
3289
5490
5482
3279
1110
3272
5467
3313
5465
5462
1126
1127
5460
1125
5458
5456
5452
5447
5446
1142
3310
1141
3309
3305
1136
5434
5437
1037
1039
1026
1049
3207
5422
1041
3211
5410
5415
5397
1081
5384
3238
1074
5383
5621
3161
5616
1230
3144
1232
3145
5613
1246
3136
3137
5609
3138
5591
3197
1252
5587
1250
5584
1262
5598
1258
3186
3184
3182
5574
5570
5582
1278
1279
3172
1274
3170
3168
5577
5556
1160
5560
3091
3092
3072
5545
5549
7434
7432
1189
3132
5524
7425
3121
7429
5533
5506
1203
3104
5513
3110
1375
1372
1371
7409
5225
7408
1367
5223
3533
7421
5220
5219
5217
3529
7416
7396
7394
1353
1350
5239
3551
3548
3547
5233
1404
7382
5193
5192
1403
7379
1402
5189
7391
7384
1395
3572
3569
5211
1381
7374
1383
7368
7369
7370
5203
1305
7345
1309
3460
1297
7353
3464
1296
7352
3471
5157
1295
5183
7333
1283
5171
7313
1336
7312
3494
1329
7320
3499
1330
1333
1332
7324
1335
5127
5126
1321
3509
1325
7304
7307
5141
3406
5348
1490
7289
5345
3401
7286
5356
3394
7282
5355
3392
7281
3421
3420
1475
5362
5361
1472
5375
1485
7267
3410
7264
5368
1480
7261
5317
7262
3438
5313
1521
3435
7252
1533
1528
7248
5321
1508
5335
1510
7243
5340
5343
7233
1427
5286
5287
1428
7228
7219
1438
3332
7220
3333
5293
1411
5297
5296
3352
1414
5301
1412
7201
7206
7195
1460
1461
5253
7199
3375
5256
7185
5261
3365
5263
1441
3385
7176
7179
5267
5266
1447
7182
5275
3378
3380
5279
1642
3827
1640
3831
1647
5971
5968
5969
1638
3810
5961
1657
1663
3814
3812
5964
5955
5953
3817
1652
5956
3820
3793
1609
1610
3801
1605
3806
3778
5997
3781
5999
1630
3787
3788
3790
1583
3764
1576
5912
1577
3768
5903
3751
5898
1593
1585
3753
3732
1549
5949
5950
5946
1546
5940
5943
5938
3717
5932
3718
5931
1562
5925
1558
1555
1762
1760
1766
3709
3708
1764
3698
6104
6110
3691
3681
1785
1788
6128
1728
3674
6130
3664
1740
3656
3659
3660
6117
1753
1754
6123
3654
3655
6039
6038
3645
6035
6034
3641
6032
6047
1710
6044
6022
1719
6021
1717
1715
1726
6031
1722
3617
6070
3609
6077
6076
3604
3601
6052
1684
1685
6053
3598
3593
1682
3595
3589
1694
6062
1915
1917
4068
1905
4072
5699
4074
5701
1908
4078
5727
5712
1883
5739
5738
1882
1880
5730
5729
1878
1876
1867
4048
5753
4054
1870
4055
5747
4059
1860
1853
1854
4013
1845
1841
1843
1837
4022
1839
5663
1832
4017
4018
4019
4030
4026
4027
5679
3972
1819
5674
1818
5673
3969
3983
1814
3982
1813
3998
1796
3995
3992
2033
5830
3950
3936
2042
2043
5836
3941
5839
3960
2019
2018
5844
2022
2030
2003
3918
2005
5866
3904
5864
5870
3910
2014
3908
5873
1984
5878
1989
5876
5883
3920
3885
3887
3880
1968
1969
5762
1971
3876
3878
3879
1976
3874
5771
1965
5790
3891
1962
1943
5804
1946
5801
1921
5817
1928
